1. 最小化涨跌幅绝对误差之和
目标值: 2.0532077849552643
最优解为:
[1.26319738e-01 1.11021969e-01 6.07959963e-02 4.60272301e-02
 5.83096994e-02 3.30104101e-02 2.77288026e-02 6.30228247e-02
 3.30104101e-02 3.46738804e-02 7.45570318e-02 3.30104101e-02
 6.58007534e-02 3.56000395e-18 9.29214484e-03 3.30104101e-02
 3.30104101e-02 6.25826060e-02 6.18048631e-02 3.30104101e-02]
评价指标：
{'跟踪误差': 0.0037896002541941928,
 '年化收益率': 0.054033011105440565,
 '年化波动率': 0.17371873528856108,
 '夏普比率': 0.2390819334279105}

2. 最小化跟踪误差
目标值: 2.086698295983475
最优解为
[0.10987006 0.11791127 0.07166989 0.05116914 0.05638201 0.02532538
 0.03372307 0.0392564  0.02532538 0.04249278 0.08516374 0.02532538
 0.07596878 0.00367967 0.02080693 0.02532538 0.02532538 0.0840994 
 0.05585457 0.02532538]
评价指标：
{'跟踪误差': 0.00372817479389723,
 '年化收益率': 0.17805870265320717,
 '夏普比率': 0.25095152684585087,
 '年化波动率': 0.17805870265320717}
 
 3. 基于飞蛾扑火优化算法
（1）最小化涨跌幅绝对误差之和
目标值: 2.2007322185104248
最优解为：
[0.06167974 0.13508307 0.07584419 0.00526664 0.05117638 0.14300095
  0.03125425 0.10783151 0.00564901 0.04431741 0.08270373 0.01985895
  0.04278585 0.         0.04044439 0.         0.         0.09223958
  0.03526145 0.        ]
评价指标：
{'跟踪误差': 0.003973507353727158,
 '年化收益率': 0.065654417917276,
 '年化波动率': 0.1715380885782075,
 '夏普比率': 0.30986947772268014}

（2）最小化跟踪误差
目标值: 0.004486362561372005
最优解为：
 [0.00246808 0.09610023 0.08574116 0.06107258 0.06212572 0.01112134
  0.0817503  0.07705903 0.13927416 0.06998187 0.03694651 0.
  0.07654787 0.02045957 0.         0.0703855  0.         0.09456023
  0.         0.01671482]
评价指标：
{'跟踪误差': 0.00448369694341344,
 '年化收益率': 0.05395312450361889,
 '年化波动率': 0.15553480168185776,
 '夏普比率': 0.2665199303009376}

4. 0.5*最小化跟踪误差+0.5*涨跌幅绝对误差
目标值: 1.0284831630055231
最优解为
[1.26542513e-01 1.10717021e-01 6.20618697e-02 4.32622000e-02
 5.75416181e-02 3.30119331e-02 2.94424955e-02 6.57879861e-02
 3.30119331e-02 3.46033441e-02 7.50051637e-02 3.30119331e-02
 6.42394278e-02 1.44440677e-05 8.19757105e-03 3.30119331e-02
 3.30119331e-02 6.32862646e-02 6.12264834e-02 3.30119331e-02]
评价指标：
{'跟踪误差': 0.0037917424153070716,
 '年化收益率': 0.05438813449649205,
 '年化波动率': 0.17354697613452139,
 '夏普比率': 0.24136481907943658}


